Run semi-empirical minimization
 &qmmm
    qm_theory='AM1', grms_tol=0.0005,
 scfconv=1.d-10, ndiis_attempts=700,   qmcharge=-2,
 /
   6    C1       15.3480       -0.9720        8.9820 
   6    C2       16.5180       -0.3550        8.7090 
   6    C3       16.5540        0.9810        8.4700 
   6    C4       14.2000       -0.2480        9.0150 
   6    C5       14.2150        1.1420        8.7510 
   6    C6       15.3910        1.8330        8.4650 
   6    C7       15.2630        3.2500        8.2160 
   6    C8       16.3300        4.2960        7.8630 
   6    C9       13.9850        3.7940        8.2820 
   6   C10       12.8750        3.0230        8.5740 
   8    O1       13.0110        1.7370        8.7990 
   8    O2       17.3480        3.1590        5.5400 
   8    O3       17.3180        5.6220        5.6220 
   8    O4       15.2290        4.3560        5.3220 
   8    O5       11.8030        3.5240        8.6220 
  15    P1       16.5710        4.3660        6.0100 
   8    O6       15.5350       -2.2650        9.1660 
   1    H1       16.0390        5.1930        8.1960 
   1    H2       17.1950        4.0510        8.3020 
   1    H3       13.3290       -0.6960        9.2160 
   1    H4       13.8650        4.7720        8.1130 
   6   C11       16.9520       -2.5640        8.9780 
   1    H5       17.4360        1.4090        8.2720 
   8    O7       17.5070       -1.2400        8.7050 
   1    H6       17.1140       -3.2960        8.0410 
   1    H7       17.4270       -3.0290        9.9770 

