Run semi-empirical minimization
 &qmmm
    qm_theory='AM1', grms_tol=0.0005,
 scfconv=1.d-10, ndiis_attempts=700,   qmcharge=-2,
 /
   6    C1       15.3590       -1.0030        9.0020 
   6    C2       16.5550       -0.3770        8.7260 
   7    N1       16.5760        1.0100        8.4620 
   6    C3       14.2000       -0.2480        9.0150 
   6    C4       14.2150        1.1420        8.7510 
   6    C5       15.3910        1.8330        8.4650 
   6    C6       15.2630        3.2500        8.2160 
   6    C7       16.3300        4.2960        7.8630 
   6    C8       13.9850        3.7940        8.2820 
   6    C9       12.8750        3.0230        8.5740 
   6   C10       13.0110        1.7370        8.7990 
   8    O1       17.3480        3.1590        5.5400 
   8    O2       17.3180        5.6220        5.6220 
   8    O3       15.2290        4.3560        5.3220 
  15    P1       16.5710        4.3660        6.0100 
   1    H1       16.0390        5.1930        8.1960 
   1    H2       17.1950        4.0510        8.3020 
   1    H3       17.4090       -0.8970        8.7110 
   1    H4       13.3290       -0.6960        9.2160 
   1    H5       13.8650        4.7720        8.1130 
   1    H6       15.3300       -1.9840        9.1900 
   1    H7       11.9690        3.4450        8.6140 
   1    H8       12.1960        1.1950        9.0090 

